                                                                                                    
                                                                                                    
                                                                                                    
                                                                                                    
          000                                                                           00  00      
         00000                                                                         00000000     
        0000000                                                                        000000000    
        00000000                0000                                                    00000000    
         00000000              000000                                                   000000000   
          0000000              000000                                                   000000000   
           000000              000000             000000                                 00000000   
           0000000             000000            00000000                                 0000000   
           00000000             000000           00000000000                               020000   
            00000000            0000000         0000000000000                              2220000  
            000000000          000000000        00000000000000                            22200000  
           0000000000          0000000000       00000000000000                           222  0000  
          00000000000          0000000000       0200000000000                           222    00   
          000000000000        000000000000      222000000000                           222          
           00000000000       00000000000000     222  000000                           222           
           0000000000022222 0000000000000000   222    00000                          222            
           0000000000222222200000000000000000  222      000                         222             
            0000000000222220000000000000000000222                                  222              
             0000000000    000000000000000000002                                  222               
              000000000     000000000000000000000                                002                
              000000000      00000000000000000000                               0000                
              00000000        00000000000000000000                              00000               
             00000000         000000000  0000000000                             000000              
             0000000          00000000    000000000                              000000             
              00000          000000000     000000000   00                         000000            
               0000          000000000     000000000000000                        000000            
               0000          0000000000    000000000000000                         00000            
               00000          0000000000  000000  0000000                           0000            
              000000000        0000000000000000    000000                           0000            
              0000000000          0000000000000    00000                             0000           
               0000000000          0000000000000    00                               0000           
                0000000000         0000000000000                                     00000          
                00000000000       00000000000000                                     0000000        
                 00000000000     0000000000000000         00                         00000000       
                     00000000    00000000000000000       0000                        00000000       
         00           0000000     0000000000000000000    0000                        000000000  00  
        0000          0000000     00000000000000000000    0000                       00000000000000 
       00000          0000000      0000000000000000000    00000                      00000000000000 
     0000000           000000       0000000000000000000    0000                      00000000000000 
    00000000            00000        000000000000000000     0000                      000000000000  
    00000000            0000          000000000   00000      0000                      00000000000  
    000000000          0000           00000000     00000     00000000                  000000000000 
     00000000000       0000           0000000      0000000  0000000000                0000000000000 
      0000000000        0000           000000       0000000000000000000               0000000000000 
      0000000000        0000             0000       00000000000000000000               000000000000 
       000000000        00000             000       000000000000000000000              000000000000 
        000000000       000000            0000      00000000000000000000000            00000000000  
         00000000000    000000            000000   0000000000000000000000000          00000000000   
         000000000000  0000000            0000000000000000000000000000000000         000000000000   
         00000000000000000000              000000000000000000  00000000000000       000000000000    
         0000000000000000000               00000000000000000       0000000000       000000000       
         000000000000000000                00000000000000000        000000000        0000000        
          00000000000000000                00000000000000000        0000000000        000000        
          000000000000000000                000000000000000          000000000         00020        
           000000000000000000                00000000000000            0000000           222        
            000000000   00000                 000000  000000            000000           222        
              000000     0000                 00000    00000            000000           222        
               0000       0000                00000    00000            0000000           222       
                           0000               00000     00000           0000000           222       
                            0000             000000      00000          0000000           222       
                            000000          000000          0           00000000           200      
                             000000         00000                      000000000          0000000   
                              00000          00                       0000000000          00000000  
                               00000                                 00000000000          00000000  
          0000          00      0000000                              000000000000          0000000  
         000000    00000000      0000000                             000000000000000        00000   
         00000000000000000000       00000                            0000000000000000        0000   
        0000000000000000000000       0000                             0000000000000000       00000  
       000000000000000000000000      00000                             0000000000000000      00000  
      000000000  000000000000000      00000                             0000000000000000      0000  
      00000000    000000000000000     000000                            000000000000000000    0000  
      00000000     00000000000000     0000000                          00000000000000000000  00000  
       000000       000000000000      0000000                         0000000000000000000000000000  
        00000       00000000000       0000000                         0000000000000000000000000000  
        000000      000000000         0000000                          0000  000000000000000000000  
        000000      00000000          0000000                                 00000000000000000000  
        000000     000000000           0000000                                    0000000000000000  
       0000000    00000000000          0000000                                     00000000000000   
       000000    0000000000000         0000000                                     00000000000000   
        00000   00000000000000          0000000                                    00000000000000   
          00    00000000   000          00000000                                   00000000000000   
                 000000     000         000000000                                  0000000000000    
                            00000       000000000000                       00       000000000       
                            000000      0000000000000                     0000      00000000        
                           00000000     0000000000000                    0000000     0000000        
                           000000000     00  000000000                   00000000     000000        
                            00000000          0000000000                 000000000      00000       
                                00000          0000000000                 00000000        0000      
                                 000000         000000000                  00000000        00000    
                                 0000000        000000000                  00000000         00000   
                                  0000000002222 000000000                  000000000      22000000  
                                      000022222200000000                   00000000000000222200000  
                                       00002222000000000                   00000000000002222  000   
                                         00     0000000                     00000000000002          
                                                    00                         000000  00           
                                                                                                    
